 M1=[6 5 4 3 2 1 1 ; 
     0 6 5 4 3 2 1 ; 
     0 0 6 5 4 3 2 ; 
     0 0 0 6 5 4 3 ; 
     0 0 0 0 6 5 4 ; 
     0 0 0 0 0 6 5 ; 
     0 0 0 0 0 0 6] ;


 M2=[6 5 4 3 2 1 1 ; 
     5 4 3 2 1 1 0 ; 
     4 3 2 1 1 0 0 ; 
     3 2 1 1 0 0 0 ; 
     2 1 1 0 0 0 0 ; 
     1 1 0 0 0 0 0 ; 
     1 0 0 0 0 0 0 ] ;


 H1 = M1+M2

H1 =

    12    10     8     6     4     2     2
     5    10     8     6     4     3     1
     4     3     8     6     5     3     2
     3     2     1     7     5     4     3
     2     1     1     0     6     5     4
     1     1     0     0     0     6     5
     1     0     0     0     0     0     6

 D1 = 7;

 D3 = [8 6 5 ; 
       1 7 5 ; 
       1 0 6 ];


 D5 = [10 8 6 4 3 ; 
        3 8 6 5 3 ; 
        2 1 7 5 4 ; 
        1 1 0 6 5 ; 
        1 0 0 0 6 ];


 D7 = H1

D7 =

    12    10     8     6     4     2     2
     5    10     8     6     4     3     1
     4     3     8     6     5     3     2
     3     2     1     7     5     4     3
     2     1     1     0     6     5     4
     1     1     0     0     0     6     5
     1     0     0     0     0     0     6

 det(D1)

ans =

     7

 det(D3)

ans =

   295

 det(D5)

ans =

       12383

 det(D7)

ans =

      507408